#lang,articles,pages,files,edits,users,admins
be-x-old,50180,128486,1244,1706278,32201,7
ab,821,4200,3,40050,6610,1
aa,6,1414,0,2477,3236,0
af,28133,68239,2951,1253692,53678,16
ak,179,1502,0,16950,4122,1
sq,49912,117694,11851,1483886,53900,15
als,15048,34860,645,554729,34275,8
am,12809,39791,1590,317849,14520,6
ang,2538,12780,402,178311,52864,1
ar,239363,1428785,17158,13845790,661776,33
an,29355,95824,1143,1572437,28519,4
arc,1604,6179,72,89949,7986,5
hy,76498,251755,3850,1432533,24629,8
roa-rup,486,4169,518,250871,6916,2
as,2362,31084,1201,125738,7332,4
ast,18870,34417,25,766618,23069,9
av,1093,4831,2,51298,4534,0
ay,2875,6398,12,77589,6753,2
az,95866,242497,14340,2853418,61458,15
bm,392,2847,1,34803,4426,1
map-bms,13024,25824,550,200879,6055,3
ba,30694,64873,722,410845,8672,8
eu,152538,372023,1,3969985,46437,12
bar,8179,30028,402,374633,22940,6
be,63027,148249,835,1767870,37233,8
bn,26630,298758,1934,1519485,49641,11
bh,2730,6625,14,116739,4590,1
bpy,25139,57600,164,791408,12002,1
bi,453,1668,1,36183,4134,1
no,393598,939141,488,13639422,278300,58
bs,46693,222920,22067,2372948,62667,15
br,46359,96318,4828,1603306,27885,11
bug,14058,18029,2,195871,5500,2
bg,151360,342628,1349,6201055,140960,25
my,31365,45780,3638,208245,20168,5
bxr,701,4040,15,33541,4575,0
ca,408882,1009296,7362,12320109,151915,31
ceb,716072,1437011,370,3778425,14499,7
bcl,5677,10029,1048,155269,6721,1
ch,157,2210,1,15623,5736,0
cbk-zam,1132,2805,0,99217,6331,2
ce,3575,11372,149,105558,6771,1
chr,494,3594,1,32311,6988,2
ny,164,1229,0,16045,2732,1
chy,567,1906,0,20165,4100,0
zh,720982,3072042,34645,29439428,1489271,84
cho,15,140,2,4052,1403,0
cv,19463,36677,639,521294,13149,4
zh-classical,3091,64181,1,236494,34561,1
kw,2589,6888,127,170377,5614,2
co,6576,12784,66,339076,7827,2
cr,183,2566,0,26509,5578,1
crh,1799,9540,5,120244,6621,2
hr,140291,390082,11379,4321328,115390,27
cs,272902,705040,2,10976323,232733,30
da,180921,592285,2,7593633,194275,34
nl,1693577,3139347,19,39459515,549109,61
nds-nl,5231,14409,1139,289540,10152,7
dz,182,1393,1,26449,3634,0
cdo,490,3119,46,35759,7310,2
mh,10,164,2,4090,1733,0
arz,10825,79124,1560,606151,43586,6
eml,2277,11335,561,74786,7206,5
en,4311668,30940221,813922,634930817,19536437,1437
myv,1582,3887,17,75940,4177,3
et,114670,293389,3382,3827243,61691,37
ee,306,5958,0,44019,4651,4
ext,2302,5523,3,108455,6846,2
fo,6511,18051,534,285623,9651,8
hif,11215,20906,166,197538,8779,1
fj,271,1588,0,32742,3489,1
fi,330148,884110,33500,14253940,240751,49
frp,2264,5113,29,187215,5815,3
fr,1419187,5956195,41514,96390735,1627435,178
fur,3083,6706,412,161298,5962,2
ff,166,1472,1,20097,3116,2
gl,105241,228854,10103,3171580,47080,12
gan,6130,32353,260,404208,18129,2
ka,77694,213691,9888,2637680,53869,10
de,1622881,4512310,162202,127291282,1716237,262
ki,350,1602,0,16490,2816,0
glk,6031,11081,875,42578,5663,2
got,438,3466,15,29180,7303,3
el,91257,240702,9149,4367024,130471,22
kl,1597,4591,1,70170,5388,2
gn,2528,6945,13,93254,6062,2
gu,22668,43302,289,341691,16811,5
ht,53205,60920,68,702761,11061,1
hak,3068,6337,33,88721,9508,2
ha,291,1687,2,27199,3724,2
haw,1869,4352,1,69406,5737,1
he,149801,626925,40103,15402360,208375,36
hz,0,118,0,4317,3074,0
hi,106898,416412,2650,2316755,94382,4
ho,3,75,0,3625,1270,0
hu,245889,833839,42161,14488228,238316,36
is,36186,96990,3096,1481023,34098,24
io,24941,35774,98,912028,14400,5
ig,743,3919,9,53776,4284,2
ilo,6308,22412,141,210904,5937,3
id,214007,1031872,39851,8012925,485531,21
iu,390,3582,4,36404,6956,3
ik,166,1870,0,33020,3101,1
ga,22047,41309,1257,702583,17675,8
it,1057413,3426598,121108,65989433,916019,107
ja,871863,2408280,80148,49872334,764340,55
jv,44051,97272,5172,889710,18947,9
kab,1518,4983,31,54524,3959,1
csb,3613,6778,142,166196,6469,5
xal,1873,7871,6,75754,4242,3
kn,13649,36345,2766,354861,16211,6
kr,1,83,0,4393,4396,0
pam,8162,17227,883,285153,8078,2
kaa,624,2439,12,34622,3865,1
ks,228,2125,1,27082,3682,2
kk,202995,470459,7939,2000681,26195,11
km,3831,19838,1050,139679,11821,11
rw,1816,4793,0,75233,4070,0
rn,193,1213,0,17776,3161,0
kv,3928,9061,263,123207,5390,1
kg,854,2143,3,39136,3601,1
ko,246790,806725,12203,12981924,237250,28
ku,20010,47675,676,640906,18310,6
kj,5,69,0,3424,1132,0
ky,24786,37035,2580,163820,7946,5
lad,3249,9938,58,156230,7970,8
lbe,1191,7515,3,39364,3746,0
lo,1147,5949,22,45022,5283,2
la,94804,178568,1,2691215,60122,14
lv,50081,203561,14365,2143905,40899,18
lij,3167,10350,139,156640,5104,3
li,7320,22801,684,364859,10800,5
ln,2035,6516,27,110273,4475,2
lt,160446,345428,15954,4668421,72231,24
jbo,1156,6024,14,108877,6265,6
lmo,28905,73130,4309,1012944,12345,7
nds,20782,50939,0,748385,19990,6
dsb,1650,7136,18,127936,7503,3
lg,166,1544,0,16892,2470,2
lb,39148,79095,2439,1658539,22391,8
mk,73170,1052855,6563,3214779,45548,18
mg,40813,176524,53,707580,6419,5
ms,226706,628058,15071,3617336,119659,18
ml,32090,219143,3783,1916273,50570,21
dv,3662,10459,1115,121705,11196,3
mt,2975,13931,1181,241288,8188,5
gv,4623,17058,270,300454,7754,2
mi,7039,12501,13,144312,5508,10
mr,39222,133362,7891,1245297,36235,10
mzn,10478,21223,233,121843,7102,3
zh-min-nan,11055,28434,420,458644,18174,8
mdf,1153,3934,77,46372,3562,2
mo,401,2339,31,9986,2149,0
mn,10228,29058,944,377834,24700,8
mus,2,77,0,3495,1621,0
nah,9369,18915,211,391734,9480,5
na,738,4132,1,74025,4184,4
nv,2428,12424,327,150190,6408,3
nap,13895,27187,415,680992,10524,6
new,70088,189654,79,785218,9956,1
ne,24504,54376,158,360558,13675,10
nrm,3553,7836,5,213641,5601,3
nn,105108,244024,197,2790983,52370,29
nov,2661,4814,10,178692,4414,3
ii,16,158,3,11518,1538,0
ie,2073,4659,11,116486,5595,2
oc,84652,135242,1296,2043318,17710,6
cu,512,3915,2,68353,10664,3
or,4305,25293,78,141705,5516,4
om,272,2755,5,19011,2941,1
os,9022,33851,375,467294,10790,3
ng,21,426,1,5906,1740,0
pi,2807,4239,1,100672,2670,0
pag,3850,6047,43,50921,3170,1
pap,1333,3405,5,72506,4757,1
ps,4850,12457,1185,156663,7815,7
pdc,1850,5049,164,101240,13114,3
fa,317325,1775531,25401,15462459,360948,27
pms,62697,89873,2184,831179,10669,9
pih,386,1613,2,38379,3846,1
pl,989145,1950373,0,38068236,572723,151
pnt,374,1679,3,34071,3822,4
pt,794285,3286949,25364,37671096,1182716,39
pa,7441,22530,406,148944,6455,0
qu,18434,49010,83,647061,11457,2
ksh,2674,9584,111,2120410,11054,3
rmy,541,2356,6,47219,7286,1
ro,229716,963331,26723,8370073,267877,23
rm,3463,8118,54,144806,7154,3
ru,1037222,3483263,153839,66985078,1097416,92
sah,9608,27069,2091,318733,7869,3
se,7560,16001,58,279318,10209,6
sm,430,2855,1,31728,3213,0
bat-smg,13523,23657,695,327351,11374,7
sg,204,1371,2,19487,2651,1
sa,9279,22352,117,249963,9545,7
sc,3071,9592,183,133034,7065,2
stq,3002,7944,492,113876,5400,3
sco,15966,52308,266,404532,19001,6
gd,11685,19690,548,446850,9770,9
sr,222683,683055,20895,8238861,127882,17
sh,88203,227484,3880,1775107,57513,9
sn,1494,3793,3,37614,4069,0
scn,23094,52101,1552,723312,16724,9
szl,2199,9278,3,219560,8501,3
simple,104230,302722,23,6980748,323077,25
sd,371,3989,19,28159,3797,1
si,8306,40336,3722,282537,15094,3
sk,185838,395199,18,5601227,92174,9
sl,138004,303522,6515,4250449,112849,29
so,2846,9408,126,128681,8133,4
st,190,2291,0,16074,3646,1
es,1039917,4310710,1,74331517,2752128,87
srn,1037,2479,0,37930,2825,1
su,17589,36113,577,453982,10459,5
sw,25435,65950,1943,956780,16356,10
ss,368,1679,4,35576,3116,2
sv,1505263,3350371,0,24764403,342914,79
tl,61537,195270,1921,1438373,47052,14
ty,887,3074,1,46399,3165,3
tg,11109,20757,397,344952,9469,4
ta,55238,158767,10061,1549089,54927,30
roa-tara,9181,16798,310,132196,4806,4
tt,50743,102067,1737,875045,13138,2
te,52749,127710,8701,908054,31670,20
tet,780,2143,1,53817,3364,3
th,83122,427869,28303,5398996,179228,17
bo,6082,14963,296,132986,9689,0
ti,264,1307,1,18383,3119,0
tpi,1243,6004,3,78599,5102,1
to,1648,6031,450,33432,3707,1
ts,251,1680,0,27655,3268,1
tn,496,2036,1,19562,3318,3
tum,168,1207,0,21705,2538,0
tr,216175,1082577,27398,14592882,497698,28
tk,4913,11194,373,195742,8135,1
tw,157,1071,0,15091,4329,1
udm,3378,8154,120,101190,5459,3
uk,461226,1382735,72618,13183027,186631,29
hsb,7932,20097,239,312248,10363,4
ur,24839,102115,3778,1307681,26779,13
ug,2940,8388,649,139005,8009,2
uz,127237,636401,324,2180176,14005,8
ve,203,1313,0,15904,2678,0
vec,10163,30853,738,566124,11945,5
vi,842480,2158542,17373,13558797,346917,29
vo,119106,247607,0,3293349,16693,6
fiu-vro,5126,8992,252,173374,5531,3
wa,12919,33201,2215,310318,9055,3
war,716797,1410038,274,4012567,16634,2
cy,50304,109075,3843,2669155,26181,17
vls,4728,14699,564,278648,9548,5
fy,28387,57031,5002,697940,15109,9
wo,1189,5439,72,98732,6146,4
wuu,3124,10433,436,209767,25647,2
xh,154,1552,0,24394,3790,0
yi,10358,32990,1438,490101,17391,3
yo,30676,52584,214,542591,9830,2
zh-yue,25368,78201,689,858076,78632,11
diq,4280,18419,188,337255,9457,2
zea,3783,6769,6,91414,4634,5
za,663,1953,0,35999,3690,0
zu,591,3451,2,34065,5984,0
eo,184591,400168,7830,5363209,86751,19
ia,14062,23941,25,540618,17933,10
